15 8
-8.09 0.49 0.18 0.75 -0.06 -0.04 0.04 0.03
-9.37 -0.68 -0.44 -0.37 0.37 0.02 -0.01 0.05
-8.87 1.44 0.36 -0.34 -0.29 -0.02 -0.01 -0.05
6.28 2.89 0.43 -0.03 0.10 -0.14 0.07 0.08
4.82 1.52 0.71 -0.06 0.25 0.15 -0.07 -0.10
5.11 1.61 -0.72 0.04 -0.17 0.13 0.03 0.05
3.60 0.28 -1.05 0.01 -0.03 -0.11 -0.11 -0.08
3.46 -3.37 0.33 -0.32 -0.19 -0.04 0.09 0.09
3.05 -4.21 0.17 0.28 0.04 0.02 -0.06 -0.06
-6.73 3.63 1.14 2.11 -1.90 0.24 1.23 -0.55
-5.9 3.95 0.89 1.58 -1.56 1.1 1.53 0.58
-7.56 6.34 1.66 0.1 -2.23 -1.01 0.68 -0.23
-7.79 4.33 1.42 0.01 -1.8 -0.25 0.04 -0.87
-8.23 5.03 1.13 -0.02 -1.41 -0.13 -0.28 -0.13
1.86 -4.28 -2.14 -1.73 2.06 1.8 2.61 2.48
